-750.33, -384.89, 170.0, 90.03, 0.35, -86.91
-749.34, -385.33, 160.0, 90.03, 0.35, -86.91
-749.01, -384.0, 160.0, 90.03, 0.35, -86.91
-750.0, -382.67, 160.0, 90.03, 0.35, -86.91
-750.99, -383.56, 160.0, 90.03, 0.35, -86.91
-751.99, -382.67, 160.0, 90.03, 0.35, -86.91
-751.99, -380.89, 160.0, 90.03, 0.35, -86.91
-752.98, -380.44, 160.0, 90.03, 0.35, -86.91
-753.31, -379.11, 160.0, 90.03, 0.35, -86.91
-752.32, -378.67, 160.0, 90.03, 0.35, -86.91
-752.65, -377.33, 160.0, 90.03, 0.35, -86.91
-753.97, -377.78, 160.0, 90.03, 0.35, -86.91
-754.64, -376.44, 160.0, 90.03, 0.35, -86.91
-754.97, -375.11, 160.0, 90.03, 0.35, -86.91
-753.97, -375.11, 160.0, 90.03, 0.35, -86.91
-755.3, -373.78, 160.0, 90.03, 0.35, -86.91
-755.63, -372.44, 160.0, 90.03, 0.35, -86.91
-755.96, -371.11, 160.0, 90.03, 0.35, -86.91
-756.29, -369.78, 160.0, 90.03, 0.35, -86.91
-756.29, -368.44, 160.0, 90.03, 0.35, -86.91
-756.29, -367.11, 160.0, 90.03, 0.35, -86.91
-756.62, -365.78, 160.0, 90.03, 0.35, -86.91
-756.95, -364.44, 160.0, 90.03, 0.35, -86.91
-756.95, -363.11, 160.0, 90.03, 0.35, -86.91
-756.95, -361.78, 160.0, 90.03, 0.35, -86.91
-756.95, -360.44, 160.0, 90.03, 0.35, -86.91
-756.95, -359.11, 160.0, 90.03, 0.35, -86.91
-756.62, -357.78, 160.0, 90.03, 0.35, -86.91
-756.95, -356.44, 160.0, 90.03, 0.35, -86.91
-756.62, -355.11, 160.0, 90.03, 0.35, -86.91
-756.62, -353.78, 160.0, 90.03, 0.35, -86.91
-756.29, -352.44, 160.0, 90.03, 0.35, -86.91
-756.29, -351.11, 160.0, 90.03, 0.35, -86.91
-755.96, -349.78, 160.0, 90.03, 0.35, -86.91
-755.63, -348.44, 160.0, 90.03, 0.35, -86.91
-755.3, -347.11, 160.0, 90.03, 0.35, -86.91
-755.3, -345.78, 160.0, 90.03, 0.35, -86.91
-754.97, -344.44, 160.0, 90.03, 0.35, -86.91
-754.97, -343.11, 160.0, 90.03, 0.35, -86.91
-754.64, -341.78, 160.0, 90.03, 0.35, -86.91
-754.3, -340.44, 160.0, 90.03, 0.35, -86.91
-753.97, -339.11, 160.0, 90.03, 0.35, -86.91
-753.64, -337.78, 160.0, 90.03, 0.35, -86.91
-752.98, -336.44, 160.0, 90.03, 0.35, -86.91
-752.65, -335.11, 160.0, 90.03, 0.35, -86.91
-752.32, -333.78, 160.0, 90.03, 0.35, -86.91
-751.99, -332.44, 160.0, 90.03, 0.35, -86.91
-751.99, -331.11, 160.0, 90.03, 0.35, -86.91
-751.99, -329.78, 160.0, 90.03, 0.35, -86.91
-752.32, -328.44, 160.0, 90.03, 0.35, -86.91
-751.99, -327.11, 160.0, 90.03, 0.35, -86.91
-751.66, -325.78, 160.0, 90.03, 0.35, -86.91
-751.32, -324.44, 160.0, 90.03, 0.35, -86.91
-750.99, -323.11, 160.0, 90.03, 0.35, -86.91
-750.0, -323.11, 160.0, 90.03, 0.35, -86.91
-750.0, -324.44, 160.0, 90.03, 0.35, -86.91
-750.0, -325.78, 160.0, 90.03, 0.35, -86.91
-750.0, -327.11, 160.0, 90.03, 0.35, -86.91
-749.67, -328.44, 160.0, 90.03, 0.35, -86.91
-749.67, -329.78, 160.0, 90.03, 0.35, -86.91
-749.34, -331.11, 160.0, 90.03, 0.35, -86.91
-749.34, -332.44, 160.0, 90.03, 0.35, -86.91
-749.01, -333.78, 160.0, 90.03, 0.35, -86.91
-748.01, -333.78, 160.0, 90.03, 0.35, -86.91
-748.01, -335.11, 160.0, 90.03, 0.35, -86.91
-746.69, -333.78, 160.0, 90.03, 0.35, -86.91
-746.69, -332.44, 160.0, 90.03, 0.35, -86.91
-745.7, -332.89, 160.0, 90.03, 0.35, -86.91
-745.7, -331.56, 160.0, 90.03, 0.35, -86.91
-745.03, -330.22, 160.0, 90.03, 0.35, -86.91
-744.04, -329.33, 160.0, 90.03, 0.35, -86.91
-743.71, -330.67, 160.0, 90.03, 0.35, -86.91
-743.71, -332.0, 160.0, 90.03, 0.35, -86.91
-744.37, -333.33, 160.0, 90.03, 0.35, -86.91
-745.36, -334.22, 160.0, 90.03, 0.35, -86.91
-742.72, -331.11, 160.0, 90.03, 0.35, -86.91
-741.72, -330.67, 160.0, 90.03, 0.35, -86.91
-741.72, -329.33, 160.0, 90.03, 0.35, -86.91
-740.73, -329.33, 160.0, 90.03, 0.35, -86.91
-739.74, -329.78, 160.0, 90.03, 0.35, -86.91
-738.74, -330.67, 160.0, 90.03, 0.35, -86.91
-738.74, -332.0, 160.0, 90.03, 0.35, -86.91
-737.75, -332.0, 160.0, 90.03, 0.35, -86.91
-736.75, -332.44, 160.0, 90.03, 0.35, -86.91
-735.76, -332.44, 160.0, 90.03, 0.35, -86.91
-735.43, -333.78, 160.0, 90.03, 0.35, -86.91
-735.43, -335.11, 160.0, 90.03, 0.35, -86.91
-735.43, -336.44, 160.0, 90.03, 0.35, -86.91
-734.44, -336.44, 160.0, 90.03, 0.35, -86.91
-733.44, -336.0, 160.0, 90.03, 0.35, -86.91
-732.45, -336.0, 160.0, 90.03, 0.35, -86.91
-731.46, -335.56, 160.0, 90.03, 0.35, -86.91
-730.46, -335.11, 160.0, 90.03, 0.35, -86.91
-729.47, -335.11, 160.0, 90.03, 0.35, -86.91
-728.48, -335.11, 160.0, 90.03, 0.35, -86.91
-728.48, -336.44, 160.0, 90.03, 0.35, -86.91
-729.14, -337.78, 160.0, 90.03, 0.35, -86.91
-729.47, -339.11, 160.0, 90.03, 0.35, -86.91
-729.8, -340.44, 160.0, 90.03, 0.35, -86.91
-730.13, -341.78, 160.0, 90.03, 0.35, -86.91
-730.46, -343.11, 160.0, 90.03, 0.35, -86.91
-730.46, -344.44, 160.0, 90.03, 0.35, -86.91
-730.46, -345.78, 160.0, 90.03, 0.35, -86.91
-730.46, -347.11, 160.0, 90.03, 0.35, -86.91
-730.46, -348.44, 160.0, 90.03, 0.35, -86.91
-730.46, -349.78, 160.0, 90.03, 0.35, -86.91
-730.79, -351.11, 160.0, 90.03, 0.35, -86.91
-729.47, -350.67, 160.0, 90.03, 0.35, -86.91
-728.48, -350.67, 160.0, 90.03, 0.35, -86.91
-728.48, -349.33, 160.0, 90.03, 0.35, -86.91
-728.48, -348.0, 160.0, 90.03, 0.35, -86.91
-728.15, -346.67, 160.0, 90.03, 0.35, -86.91
-727.15, -346.67, 160.0, 90.03, 0.35, -86.91
-727.15, -345.33, 160.0, 90.03, 0.35, -86.91
-728.15, -345.33, 160.0, 90.03, 0.35, -86.91
-728.15, -344.0, 160.0, 90.03, 0.35, -86.91
-727.81, -342.67, 160.0, 90.03, 0.35, -86.91
-726.82, -342.67, 160.0, 90.03, 0.35, -86.91
-726.82, -344.0, 160.0, 90.03, 0.35, -86.91
-726.16, -345.33, 160.0, 90.03, 0.35, -86.91
-725.17, -345.33, 160.0, 90.03, 0.35, -86.91
-725.17, -346.67, 160.0, 90.03, 0.35, -86.91
-725.17, -348.0, 160.0, 90.03, 0.35, -86.91
-724.83, -349.33, 160.0, 90.03, 0.35, -86.91
-724.83, -350.67, 160.0, 90.03, 0.35, -86.91
-725.17, -352.0, 160.0, 90.03, 0.35, -86.91
-725.17, -353.33, 160.0, 90.03, 0.35, -86.91
-725.5, -354.67, 160.0, 90.03, 0.35, -86.91
-725.5, -356.0, 160.0, 90.03, 0.35, -86.91
-725.5, -357.33, 160.0, 90.03, 0.35, -86.91
-725.83, -358.67, 160.0, 90.03, 0.35, -86.91
-725.83, -360.0, 160.0, 90.03, 0.35, -86.91
-725.83, -361.33, 160.0, 90.03, 0.35, -86.91
-724.83, -361.33, 160.0, 90.03, 0.35, -86.91
-724.83, -362.67, 160.0, 90.03, 0.35, -86.91
-724.83, -364.0, 160.0, 90.03, 0.35, -86.91
-723.84, -364.0, 160.0, 90.03, 0.35, -86.91
-723.84, -365.33, 160.0, 90.03, 0.35, -86.91
-723.51, -366.67, 160.0, 90.03, 0.35, -86.91
-722.19, -366.67, 160.0, 90.03, 0.35, -86.91
-721.19, -366.67, 160.0, 90.03, 0.35, -86.91
-720.86, -368.0, 160.0, 90.03, 0.35, -86.91
-720.86, -369.33, 160.0, 90.03, 0.35, -86.91
-721.85, -368.89, 160.0, 90.03, 0.35, -86.91
-719.87, -368.0, 160.0, 90.03, 0.35, -86.91
-718.87, -368.0, 160.0, 90.03, 0.35, -86.91
-718.87, -369.33, 160.0, 90.03, 0.35, -86.91
-719.21, -370.67, 160.0, 90.03, 0.35, -86.91
-717.88, -367.56, 160.0, 90.03, 0.35, -86.91
-717.88, -366.22, 160.0, 90.03, 0.35, -86.91
-718.87, -366.22, 160.0, 90.03, 0.35, -86.91
-719.87, -365.78, 160.0, 90.03, 0.35, -86.91
-720.2, -364.44, 160.0, 90.03, 0.35, -86.91
-720.2, -363.11, 160.0, 90.03, 0.35, -86.91
-721.19, -363.11, 160.0, 90.03, 0.35, -86.91
-722.19, -363.11, 160.0, 90.03, 0.35, -86.91
-722.19, -364.44, 160.0, 90.03, 0.35, -86.91
-721.19, -364.89, 160.0, 90.03, 0.35, -86.91
-721.19, -361.78, 160.0, 90.03, 0.35, -86.91
-722.19, -361.78, 160.0, 90.03, 0.35, -86.91
-722.19, -360.44, 160.0, 90.03, 0.35, -86.91
-721.19, -360.44, 160.0, 90.03, 0.35, -86.91
-720.2, -360.44, 160.0, 90.03, 0.35, -86.91
-720.2, -359.11, 160.0, 90.03, 0.35, -86.91
-721.19, -359.11, 160.0, 90.03, 0.35, -86.91
-722.19, -359.11, 160.0, 90.03, 0.35, -86.91
-722.52, -357.78, 160.0, 90.03, 0.35, -86.91
-723.51, -357.78, 160.0, 90.03, 0.35, -86.91
-723.51, -359.11, 160.0, 90.03, 0.35, -86.91
-723.51, -360.44, 160.0, 90.03, 0.35, -86.91
-723.84, -361.78, 160.0, 90.03, 0.35, -86.91
-724.5, -360.0, 160.0, 90.03, 0.35, -86.91
-724.5, -358.67, 160.0, 90.03, 0.35, -86.91
-722.52, -356.44, 160.0, 90.03, 0.35, -86.91
-721.52, -356.44, 160.0, 90.03, 0.35, -86.91
-721.52, -357.78, 160.0, 90.03, 0.35, -86.91
-721.52, -355.11, 160.0, 90.03, 0.35, -86.91
-722.52, -355.11, 160.0, 90.03, 0.35, -86.91
-722.52, -353.78, 160.0, 90.03, 0.35, -86.91
-721.52, -353.78, 160.0, 90.03, 0.35, -86.91
-721.52, -352.44, 160.0, 90.03, 0.35, -86.91
-722.52, -352.44, 160.0, 90.03, 0.35, -86.91
-722.52, -351.11, 160.0, 90.03, 0.35, -86.91
-723.51, -351.11, 160.0, 90.03, 0.35, -86.91
-723.51, -349.78, 160.0, 90.03, 0.35, -86.91
-723.51, -348.44, 160.0, 90.03, 0.35, -86.91
-722.85, -347.11, 160.0, 90.03, 0.35, -86.91
-723.84, -346.67, 160.0, 90.03, 0.35, -86.91
-723.84, -345.33, 160.0, 90.03, 0.35, -86.91
-723.51, -344.0, 160.0, 90.03, 0.35, -86.91
-723.51, -342.67, 160.0, 90.03, 0.35, -86.91
-723.84, -341.33, 160.0, 90.03, 0.35, -86.91
-724.17, -340.0, 160.0, 90.03, 0.35, -86.91
-724.17, -338.67, 160.0, 90.03, 0.35, -86.91
-725.17, -338.22, 160.0, 90.03, 0.35, -86.91
-725.17, -336.89, 160.0, 90.03, 0.35, -86.91
-725.5, -335.56, 160.0, 90.03, 0.35, -86.91
-725.83, -334.22, 160.0, 90.03, 0.35, -86.91
-726.16, -332.89, 160.0, 90.03, 0.35, -86.91
-726.49, -331.56, 160.0, 90.03, 0.35, -86.91
-727.48, -332.0, 160.0, 90.03, 0.35, -86.91
-728.15, -333.33, 160.0, 90.03, 0.35, -86.91
-729.14, -333.33, 160.0, 90.03, 0.35, -86.91
-727.15, -334.22, 160.0, 90.03, 0.35, -86.91
-727.15, -335.56, 160.0, 90.03, 0.35, -86.91
-726.82, -336.89, 160.0, 90.03, 0.35, -86.91
-726.82, -338.22, 160.0, 90.03, 0.35, -86.91
-726.82, -339.56, 160.0, 90.03, 0.35, -86.91
-726.82, -340.89, 160.0, 90.03, 0.35, -86.91
-725.5, -340.89, 160.0, 90.03, 0.35, -86.91
-725.5, -339.56, 160.0, 90.03, 0.35, -86.91
-725.17, -342.22, 160.0, 90.03, 0.35, -86.91
-725.17, -343.56, 160.0, 90.03, 0.35, -86.91
-721.85, -344.44, 160.0, 90.03, 0.35, -86.91
-721.52, -345.78, 160.0, 90.03, 0.35, -86.91
-721.52, -347.11, 160.0, 90.03, 0.35, -86.91
-721.52, -348.44, 160.0, 90.03, 0.35, -86.91
-721.52, -349.78, 160.0, 90.03, 0.35, -86.91
-721.19, -351.11, 170.0, 90.03, 0.35, -86.91
-728.48, -341.33, 170.0, 90.03, 0.35, -86.91
-728.48, -340.0, 160.0, 90.03, 0.35, -86.91
-731.46, -339.11, 160.0, 90.03, 0.35, -86.91
-732.45, -339.11, 160.0, 90.03, 0.35, -86.91
-732.45, -340.44, 160.0, 90.03, 0.35, -86.91
-732.12, -341.78, 160.0, 90.03, 0.35, -86.91
-732.12, -343.11, 160.0, 90.03, 0.35, -86.91
-732.12, -344.44, 160.0, 90.03, 0.35, -86.91
-732.45, -345.78, 160.0, 90.03, 0.35, -86.91
-732.45, -347.11, 160.0, 90.03, 0.35, -86.91
-733.77, -347.56, 160.0, 90.03, 0.35, -86.91
-733.77, -348.89, 160.0, 90.03, 0.35, -86.91
-734.11, -346.22, 160.0, 90.03, 0.35, -86.91
-734.11, -344.89, 160.0, 90.03, 0.35, -86.91
-734.11, -343.56, 160.0, 90.03, 0.35, -86.91
-734.11, -342.22, 160.0, 90.03, 0.35, -86.91
-733.77, -340.89, 160.0, 90.03, 0.35, -86.91
-733.44, -339.56, 160.0, 90.03, 0.35, -86.91
-736.42, -337.33, 160.0, 90.03, 0.35, -86.91
-737.42, -337.33, 160.0, 90.03, 0.35, -86.91
-738.41, -336.89, 160.0, 90.03, 0.35, -86.91
-739.4, -336.89, 160.0, 90.03, 0.35, -86.91
-739.07, -335.56, 160.0, 90.03, 0.35, -86.91
-740.07, -335.56, 160.0, 90.03, 0.35, -86.91
-740.4, -334.22, 160.0, 90.03, 0.35, -86.91
-740.4, -332.89, 160.0, 90.03, 0.35, -86.91
-741.39, -332.89, 160.0, 90.03, 0.35, -86.91
-740.07, -331.56, 160.0, 90.03, 0.35, -86.91
-739.07, -333.33, 160.0, 90.03, 0.35, -86.91
-737.75, -333.78, 160.0, 90.03, 0.35, -86.91
-737.75, -335.11, 160.0, 90.03, 0.35, -86.91
-736.75, -335.11, 160.0, 90.03, 0.35, -86.91
-734.44, -334.22, 160.0, 90.03, 0.35, -86.91
-733.77, -332.89, 160.0, 90.03, 0.35, -86.91
-733.77, -331.56, 160.0, 90.03, 0.35, -86.91
-733.77, -330.22, 160.0, 90.03, 0.35, -86.91
-732.78, -330.67, 160.0, 90.03, 0.35, -86.91
-732.78, -329.33, 160.0, 90.03, 0.35, -86.91
-732.78, -328.0, 160.0, 90.03, 0.35, -86.91
-731.79, -328.0, 160.0, 90.03, 0.35, -86.91
-730.79, -328.0, 160.0, 90.03, 0.35, -86.91
-731.46, -329.33, 160.0, 90.03, 0.35, -86.91
-734.11, -328.89, 160.0, 90.03, 0.35, -86.91
-733.77, -327.56, 160.0, 90.03, 0.35, -86.91
-734.77, -327.56, 160.0, 90.03, 0.35, -86.91
-735.76, -327.11, 160.0, 90.03, 0.35, -86.91
-736.75, -327.11, 160.0, 90.03, 0.35, -86.91
-737.75, -327.56, 160.0, 90.03, 0.35, -86.91
-738.08, -328.89, 160.0, 90.03, 0.35, -86.91
-737.09, -329.78, 160.0, 90.03, 0.35, -86.91
-735.76, -329.78, 160.0, 90.03, 0.35, -86.91
-734.77, -332.0, 170.0, 90.03, 0.35, -86.91
-739.07, -327.56, 170.0, 90.03, 0.35, -86.91
-739.4, -326.22, 160.0, 90.03, 0.35, -86.91
-740.4, -325.78, 160.0, 90.03, 0.35, -86.91
-741.39, -325.78, 160.0, 90.03, 0.35, -86.91
-742.05, -327.11, 160.0, 90.03, 0.35, -86.91
-743.05, -327.56, 170.0, 90.03, 0.35, -86.91
-750.0, -321.78, 170.0, 90.03, 0.35, -86.91
-750.99, -321.78, 160.0, 90.03, 0.35, -86.91
-750.99, -320.44, 160.0, 90.03, 0.35, -86.91
-750.0, -320.44, 160.0, 90.03, 0.35, -86.91
-749.67, -319.11, 160.0, 90.03, 0.35, -86.91
-750.66, -318.67, 160.0, 90.03, 0.35, -86.91
-750.33, -317.33, 160.0, 90.03, 0.35, -86.91
-749.34, -317.33, 160.0, 90.03, 0.35, -86.91
-749.01, -316.0, 160.0, 90.03, 0.35, -86.91
-751.66, -312.0, 160.0, 90.03, 0.35, -86.91
-751.66, -310.67, 160.0, 90.03, 0.35, -86.91
-752.32, -309.33, 160.0, 90.03, 0.35, -86.91
-752.98, -308.0, 160.0, 90.03, 0.35, -86.91
-753.31, -306.67, 160.0, 90.03, 0.35, -86.91
-753.64, -305.33, 160.0, 90.03, 0.35, -86.91
-753.97, -304.0, 160.0, 90.03, 0.35, -86.91
-754.3, -302.67, 160.0, 90.03, 0.35, -86.91
-754.64, -301.33, 160.0, 90.03, 0.35, -86.91
-755.3, -298.22, 160.0, 90.03, 0.35, -86.91
-755.3, -296.89, 160.0, 90.03, 0.35, -86.91
-756.29, -297.33, 160.0, 90.03, 0.35, -86.91
-754.97, -295.56, 160.0, 90.03, 0.35, -86.91
-754.64, -294.22, 160.0, 90.03, 0.35, -86.91
-754.3, -292.89, 160.0, 90.03, 0.35, -86.91
-753.97, -291.56, 160.0, 90.03, 0.35, -86.91
-753.64, -290.22, 160.0, 90.03, 0.35, -86.91
-753.31, -288.89, 160.0, 90.03, 0.35, -86.91
-752.98, -287.56, 160.0, 90.03, 0.35, -86.91
-752.65, -286.22, 160.0, 90.03, 0.35, -86.91
-752.32, -284.89, 160.0, 90.03, 0.35, -86.91
-751.99, -283.56, 160.0, 90.03, 0.35, -86.91
-751.66, -282.22, 160.0, 90.03, 0.35, -86.91
-751.32, -280.89, 160.0, 90.03, 0.35, -86.91
-750.99, -279.56, 160.0, 90.03, 0.35, -86.91
-750.66, -278.22, 160.0, 90.03, 0.35, -86.91
-750.33, -276.89, 160.0, 90.03, 0.35, -86.91
-750.0, -275.56, 160.0, 90.03, 0.35, -86.91
-749.67, -274.22, 160.0, 90.03, 0.35, -86.91
-749.34, -272.89, 160.0, 90.03, 0.35, -86.91
-748.68, -271.56, 160.0, 90.03, 0.35, -86.91
-748.34, -270.22, 160.0, 90.03, 0.35, -86.91
-748.01, -268.89, 160.0, 90.03, 0.35, -86.91
-746.69, -268.89, 160.0, 90.03, 0.35, -86.91
-747.02, -270.22, 160.0, 90.03, 0.35, -86.91
-747.02, -271.56, 160.0, 90.03, 0.35, -86.91
-747.35, -272.89, 160.0, 90.03, 0.35, -86.91
-747.68, -274.22, 160.0, 90.03, 0.35, -86.91
-748.01, -275.56, 160.0, 90.03, 0.35, -86.91
-748.34, -276.89, 160.0, 90.03, 0.35, -86.91
-748.34, -278.22, 160.0, 90.03, 0.35, -86.91
-748.01, -279.56, 160.0, 90.03, 0.35, -86.91
-747.02, -279.56, 160.0, 90.03, 0.35, -86.91
-746.03, -279.11, 160.0, 90.03, 0.35, -86.91
-744.37, -276.44, 160.0, 90.03, 0.35, -86.91
-744.37, -275.11, 160.0, 90.03, 0.35, -86.91
-744.37, -273.78, 160.0, 90.03, 0.35, -86.91
-744.37, -272.44, 160.0, 90.03, 0.35, -86.91
-744.37, -271.11, 160.0, 90.03, 0.35, -86.91
-744.7, -269.78, 160.0, 90.03, 0.35, -86.91
-744.7, -268.44, 160.0, 90.03, 0.35, -86.91
-745.03, -267.11, 160.0, 90.03, 0.35, -86.91
-746.03, -267.11, 160.0, 90.03, 0.35, -86.91
-745.7, -265.78, 160.0, 90.03, 0.35, -86.91
-745.36, -264.44, 160.0, 90.03, 0.35, -86.91
-744.37, -263.56, 160.0, 90.03, 0.35, -86.91
-743.71, -262.22, 160.0, 90.03, 0.35, -86.91
-742.72, -261.33, 160.0, 90.03, 0.35, -86.91
-742.05, -260.0, 160.0, 90.03, 0.35, -86.91
-741.06, -259.11, 160.0, 90.03, 0.35, -86.91
-740.07, -258.22, 160.0, 90.03, 0.35, -86.91
-739.4, -256.89, 160.0, 90.03, 0.35, -86.91
-738.41, -256.0, 160.0, 90.03, 0.35, -86.91
-737.42, -255.11, 160.0, 90.03, 0.35, -86.91
-737.09, -253.78, 160.0, 90.03, 0.35, -86.91
-736.09, -253.33, 160.0, 90.03, 0.35, -86.91
-735.43, -252.0, 160.0, 90.03, 0.35, -86.91
-734.77, -250.67, 160.0, 90.03, 0.35, -86.91
-733.77, -249.78, 160.0, 90.03, 0.35, -86.91
-733.11, -248.44, 160.0, 90.03, 0.35, -86.91
-732.12, -247.56, 160.0, 90.03, 0.35, -86.91
-731.46, -246.22, 160.0, 90.03, 0.35, -86.91
-730.46, -245.33, 160.0, 90.03, 0.35, -86.91
-730.13, -244.0, 160.0, 90.03, 0.35, -86.91
-729.14, -243.11, 160.0, 90.03, 0.35, -86.91
-728.48, -241.78, 160.0, 90.03, 0.35, -86.91
-727.48, -241.33, 160.0, 90.03, 0.35, -86.91
-726.49, -240.89, 160.0, 90.03, 0.35, -86.91
-725.5, -240.89, 160.0, 90.03, 0.35, -86.91
-724.5, -240.89, 160.0, 90.03, 0.35, -86.91
-723.51, -240.89, 160.0, 90.03, 0.35, -86.91
-722.52, -240.89, 160.0, 90.03, 0.35, -86.91
-721.52, -240.89, 160.0, 90.03, 0.35, -86.91
-720.53, -241.33, 160.0, 90.03, 0.35, -86.91
-719.54, -241.33, 160.0, 90.03, 0.35, -86.91
-718.54, -242.22, 160.0, 90.03, 0.35, -86.91
-717.55, -242.67, 160.0, 90.03, 0.35, -86.91
-716.56, -243.56, 160.0, 90.03, 0.35, -86.91
-715.56, -244.44, 160.0, 90.03, 0.35, -86.91
-714.57, -244.89, 160.0, 90.03, 0.35, -86.91
-713.58, -245.78, 160.0, 90.03, 0.35, -86.91
-712.58, -246.22, 160.0, 90.03, 0.35, -86.91
-711.92, -247.56, 160.0, 90.03, 0.35, -86.91
-710.93, -248.44, 160.0, 90.03, 0.35, -86.91
-710.26, -249.78, 160.0, 90.03, 0.35, -86.91
-709.27, -250.67, 160.0, 90.03, 0.35, -86.91
-708.61, -252.0, 160.0, 90.03, 0.35, -86.91
-707.95, -253.33, 160.0, 90.03, 0.35, -86.91
-707.28, -254.67, 160.0, 90.03, 0.35, -86.91
-706.62, -256.0, 160.0, 90.03, 0.35, -86.91
-705.96, -257.33, 160.0, 90.03, 0.35, -86.91
-705.3, -258.67, 160.0, 90.03, 0.35, -86.91
-704.3, -259.56, 160.0, 90.03, 0.35, -86.91
-703.97, -260.89, 160.0, 90.03, 0.35, -86.91
-702.98, -261.78, 160.0, 90.03, 0.35, -86.91
-702.65, -263.11, 160.0, 90.03, 0.35, -86.91
-701.99, -264.44, 160.0, 90.03, 0.35, -86.91
-701.32, -265.78, 160.0, 90.03, 0.35, -86.91
-700.99, -267.11, 160.0, 90.03, 0.35, -86.91
-701.32, -268.44, 160.0, 90.03, 0.35, -86.91
-700.33, -268.44, 160.0, 90.03, 0.35, -86.91
-699.34, -269.33, 160.0, 90.03, 0.35, -86.91
-698.68, -270.67, 160.0, 90.03, 0.35, -86.91
-697.68, -271.56, 160.0, 90.03, 0.35, -86.91
-697.35, -272.89, 160.0, 90.03, 0.35, -86.91
-696.69, -274.22, 160.0, 90.03, 0.35, -86.91
-696.36, -275.56, 160.0, 90.03, 0.35, -86.91
-695.7, -276.89, 160.0, 90.03, 0.35, -86.91
-695.7, -278.22, 160.0, 90.03, 0.35, -86.91
-696.69, -279.11, 160.0, 90.03, 0.35, -86.91
-697.68, -278.67, 170.0, 90.03, 0.35, -86.91
-691.06, -278.22, 170.0, 90.03, 0.35, -86.91
-690.4, -276.89, 160.0, 90.03, 0.35, -86.91
-689.4, -276.0, 160.0, 90.03, 0.35, -86.91
-688.41, -275.11, 160.0, 90.03, 0.35, -86.91
-687.42, -274.22, 160.0, 90.03, 0.35, -86.91
-686.75, -272.89, 160.0, 90.03, 0.35, -86.91
-685.76, -272.44, 160.0, 90.03, 0.35, -86.91
-684.77, -271.56, 160.0, 90.03, 0.35, -86.91
-684.11, -270.22, 160.0, 90.03, 0.35, -86.91
-683.11, -269.78, 160.0, 90.03, 0.35, -86.91
-682.12, -269.78, 160.0, 90.03, 0.35, -86.91
-682.12, -271.11, 160.0, 90.03, 0.35, -86.91
-681.79, -272.44, 160.0, 90.03, 0.35, -86.91
-681.79, -273.78, 160.0, 90.03, 0.35, -86.91
-681.46, -275.11, 160.0, 90.03, 0.35, -86.91
-681.46, -276.44, 160.0, 90.03, 0.35, -86.91
-681.46, -277.78, 160.0, 90.03, 0.35, -86.91
-681.46, -279.11, 160.0, 90.03, 0.35, -86.91
-681.46, -280.44, 160.0, 90.03, 0.35, -86.91
-681.46, -281.78, 160.0, 90.03, 0.35, -86.91
-681.79, -283.11, 160.0, 90.03, 0.35, -86.91
-681.79, -284.44, 160.0, 90.03, 0.35, -86.91
-682.12, -285.78, 160.0, 90.03, 0.35, -86.91
-682.12, -287.11, 160.0, 90.03, 0.35, -86.91
-682.12, -288.44, 160.0, 90.03, 0.35, -86.91
-682.45, -289.78, 160.0, 90.03, 0.35, -86.91
-682.45, -291.11, 160.0, 90.03, 0.35, -86.91
-682.78, -292.44, 160.0, 90.03, 0.35, -86.91
-683.11, -293.78, 160.0, 90.03, 0.35, -86.91
-683.11, -295.11, 170.0, 90.03, 0.35, -86.91
-695.36, -312.0, 170.0, 90.03, 0.35, -86.91
-696.36, -311.56, 160.0, 90.03, 0.35, -86.91
-697.35, -311.56, 160.0, 90.03, 0.35, -86.91
-698.34, -311.56, 160.0, 90.03, 0.35, -86.91
-699.34, -311.56, 160.0, 90.03, 0.35, -86.91
-700.33, -310.22, 160.0, 90.03, 0.35, -86.91
-700.33, -308.89, 160.0, 90.03, 0.35, -86.91
-700.66, -307.56, 160.0, 90.03, 0.35, -86.91
-700.99, -306.22, 160.0, 90.03, 0.35, -86.91
-701.32, -304.89, 160.0, 90.03, 0.35, -86.91
-701.66, -303.56, 160.0, 90.03, 0.35, -86.91
-701.99, -302.22, 160.0, 90.03, 0.35, -86.91
-702.32, -300.89, 160.0, 90.03, 0.35, -86.91
-702.65, -299.56, 160.0, 90.03, 0.35, -86.91
-702.98, -298.22, 160.0, 90.03, 0.35, -86.91
-703.31, -296.89, 160.0, 90.03, 0.35, -86.91
-703.64, -295.56, 160.0, 90.03, 0.35, -86.91
-703.97, -294.22, 160.0, 90.03, 0.35, -86.91
-703.97, -292.89, 160.0, 90.03, 0.35, -86.91
-704.3, -291.56, 160.0, 90.03, 0.35, -86.91
-704.3, -290.22, 160.0, 90.03, 0.35, -86.91
-704.64, -288.89, 160.0, 90.03, 0.35, -86.91
-704.64, -287.56, 160.0, 90.03, 0.35, -86.91
-704.64, -286.22, 160.0, 90.03, 0.35, -86.91
-704.64, -284.89, 160.0, 90.03, 0.35, -86.91
-704.97, -283.56, 160.0, 90.03, 0.35, -86.91
-704.97, -282.22, 160.0, 90.03, 0.35, -86.91
-704.97, -280.89, 160.0, 90.03, 0.35, -86.91
-704.97, -279.56, 160.0, 90.03, 0.35, -86.91
-704.97, -278.22, 160.0, 90.03, 0.35, -86.91
-704.64, -276.89, 170.0, 90.03, 0.35, -86.91
-717.22, -291.56, 170.0, 90.03, 0.35, -86.91
-717.22, -292.89, 160.0, 90.03, 0.35, -86.91
-718.21, -293.78, 160.0, 90.03, 0.35, -86.91
-718.21, -295.11, 160.0, 90.03, 0.35, -86.91
-719.21, -295.11, 160.0, 90.03, 0.35, -86.91
-719.21, -293.78, 160.0, 90.03, 0.35, -86.91
-720.2, -293.78, 160.0, 90.03, 0.35, -86.91
-721.19, -293.33, 160.0, 90.03, 0.35, -86.91
-721.19, -294.67, 160.0, 90.03, 0.35, -86.91
-722.19, -294.67, 160.0, 90.03, 0.35, -86.91
-722.19, -293.33, 160.0, 90.03, 0.35, -86.91
-723.18, -293.33, 160.0, 90.03, 0.35, -86.91
-724.17, -293.33, 160.0, 90.03, 0.35, -86.91
-725.17, -293.33, 160.0, 90.03, 0.35, -86.91
-726.16, -293.33, 160.0, 90.03, 0.35, -86.91
-727.15, -293.33, 160.0, 90.03, 0.35, -86.91
-728.15, -293.33, 160.0, 90.03, 0.35, -86.91
-728.15, -294.67, 160.0, 90.03, 0.35, -86.91
-729.14, -294.67, 160.0, 90.03, 0.35, -86.91
-730.13, -294.67, 160.0, 90.03, 0.35, -86.91
-730.13, -296.0, 160.0, 90.03, 0.35, -86.91
-729.14, -296.44, 160.0, 90.03, 0.35, -86.91
-728.15, -296.89, 160.0, 90.03, 0.35, -86.91
-727.15, -297.33, 160.0, 90.03, 0.35, -86.91
-726.16, -297.33, 160.0, 90.03, 0.35, -86.91
-725.17, -296.89, 160.0, 90.03, 0.35, -86.91
-724.17, -296.89, 160.0, 90.03, 0.35, -86.91
-723.18, -297.33, 160.0, 90.03, 0.35, -86.91
-722.19, -297.33, 160.0, 90.03, 0.35, -86.91
-721.19, -297.33, 160.0, 90.03, 0.35, -86.91
-720.2, -296.44, 160.0, 90.03, 0.35, -86.91
-717.22, -295.11, 160.0, 90.03, 0.35, -86.91
-716.23, -294.67, 160.0, 90.03, 0.35, -86.91
-718.21, -291.11, 160.0, 90.03, 0.35, -86.91
-719.21, -290.22, 160.0, 90.03, 0.35, -86.91
-719.87, -288.89, 160.0, 90.03, 0.35, -86.91
-720.86, -288.44, 170.0, 90.03, 0.35, -86.91
-728.15, -288.44, 170.0, 90.03, 0.35, -86.91
-729.14, -289.33, 160.0, 90.03, 0.35, -86.91
-730.13, -289.78, 160.0, 90.03, 0.35, -86.91
-731.13, -290.67, 160.0, 90.03, 0.35, -86.91
-731.79, -292.0, 160.0, 90.03, 0.35, -86.91
-732.12, -293.33, 160.0, 90.03, 0.35, -86.91
-733.11, -293.33, 160.0, 90.03, 0.35, -86.91
-733.11, -294.67, 160.0, 90.03, 0.35, -86.91
-732.12, -295.11, 160.0, 90.03, 0.35, -86.91
-731.13, -295.11, 160.0, 90.03, 0.35, -86.91
-731.13, -293.33, 160.0, 90.03, 0.35, -86.91
-730.13, -293.33, 160.0, 90.03, 0.35, -86.91
-729.14, -293.33, 170.0, 90.03, 0.35, -86.91
-725.83, -305.33, 170.0, 90.03, 0.35, -86.91
-726.82, -306.67, 160.0, 90.03, 0.35, -86.91
-727.81, -307.11, 160.0, 90.03, 0.35, -86.91
-728.81, -307.56, 160.0, 90.03, 0.35, -86.91
-728.81, -306.22, 160.0, 90.03, 0.35, -86.91
-726.49, -309.33, 160.0, 90.03, 0.35, -86.91
-726.49, -310.67, 160.0, 90.03, 0.35, -86.91
-726.82, -312.0, 160.0, 90.03, 0.35, -86.91
-726.49, -313.33, 160.0, 90.03, 0.35, -86.91
-726.49, -314.67, 160.0, 90.03, 0.35, -86.91
-726.49, -316.0, 160.0, 90.03, 0.35, -86.91
-726.49, -317.33, 160.0, 90.03, 0.35, -86.91
-726.49, -318.67, 160.0, 90.03, 0.35, -86.91
-726.49, -320.0, 160.0, 90.03, 0.35, -86.91
-726.49, -321.33, 160.0, 90.03, 0.35, -86.91
-726.49, -322.67, 160.0, 90.03, 0.35, -86.91
-726.49, -324.0, 160.0, 90.03, 0.35, -86.91
-726.82, -325.33, 160.0, 90.03, 0.35, -86.91
-726.82, -326.67, 160.0, 90.03, 0.35, -86.91
-726.82, -328.0, 160.0, 90.03, 0.35, -86.91
-726.82, -329.33, 170.0, 90.03, 0.35, -86.91
-719.54, -334.67, 170.0, 90.03, 0.35, -86.91
-719.54, -336.0, 160.0, 90.03, 0.35, -86.91
-718.54, -336.0, 160.0, 90.03, 0.35, -86.91
-718.21, -337.33, 160.0, 90.03, 0.35, -86.91
-717.22, -337.78, 160.0, 90.03, 0.35, -86.91
-716.23, -338.67, 160.0, 90.03, 0.35, -86.91
-715.23, -338.67, 160.0, 90.03, 0.35, -86.91
-714.24, -338.67, 160.0, 90.03, 0.35, -86.91
-713.25, -339.11, 160.0, 90.03, 0.35, -86.91
-712.25, -339.56, 160.0, 90.03, 0.35, -86.91
-711.26, -340.0, 160.0, 90.03, 0.35, -86.91
-710.26, -340.44, 160.0, 90.03, 0.35, -86.91
-709.27, -340.89, 160.0, 90.03, 0.35, -86.91
-708.28, -341.33, 160.0, 90.03, 0.35, -86.91
-707.28, -341.78, 160.0, 90.03, 0.35, -86.91
-706.29, -341.33, 160.0, 90.03, 0.35, -86.91
-705.3, -341.33, 160.0, 90.03, 0.35, -86.91
-704.64, -342.67, 160.0, 90.03, 0.35, -86.91
-704.3, -344.0, 160.0, 90.03, 0.35, -86.91
-703.97, -345.33, 160.0, 90.03, 0.35, -86.91
-703.97, -346.67, 160.0, 90.03, 0.35, -86.91
-703.64, -348.0, 160.0, 90.03, 0.35, -86.91
-703.64, -349.33, 160.0, 90.03, 0.35, -86.91
-703.64, -350.67, 160.0, 90.03, 0.35, -86.91
-703.64, -352.0, 160.0, 90.03, 0.35, -86.91
-703.64, -353.33, 160.0, 90.03, 0.35, -86.91
-703.64, -354.67, 160.0, 90.03, 0.35, -86.91
-703.97, -356.0, 160.0, 90.03, 0.35, -86.91
-703.97, -357.33, 160.0, 90.03, 0.35, -86.91
-706.95, -357.33, 160.0, 90.03, 0.35, -86.91
-707.28, -358.67, 160.0, 90.03, 0.35, -86.91
-708.28, -359.11, 160.0, 90.03, 0.35, -86.91
-708.94, -360.44, 160.0, 90.03, 0.35, -86.91
-709.6, -361.78, 160.0, 90.03, 0.35, -86.91
-710.6, -361.78, 160.0, 90.03, 0.35, -86.91
-710.6, -363.11, 160.0, 90.03, 0.35, -86.91
-711.59, -363.11, 160.0, 90.03, 0.35, -86.91
-711.59, -364.44, 160.0, 90.03, 0.35, -86.91
-711.59, -365.78, 160.0, 90.03, 0.35, -86.91
-712.58, -365.78, 160.0, 90.03, 0.35, -86.91
-713.58, -365.78, 160.0, 90.03, 0.35, -86.91
-714.57, -366.22, 160.0, 90.03, 0.35, -86.91
-715.56, -366.22, 160.0, 90.03, 0.35, -86.91
-716.56, -366.67, 160.0, 90.03, 0.35, -86.91
-713.25, -364.44, 160.0, 90.03, 0.35, -86.91
-710.6, -365.33, 160.0, 90.03, 0.35, -86.91
-709.6, -364.0, 160.0, 90.03, 0.35, -86.91
-708.61, -364.0, 160.0, 90.03, 0.35, -86.91
-707.62, -363.11, 160.0, 90.03, 0.35, -86.91
-708.61, -357.33, 160.0, 90.03, 0.35, -86.91
-707.28, -356.0, 160.0, 90.03, 0.35, -86.91
-706.95, -354.67, 160.0, 90.03, 0.35, -86.91
-706.29, -353.33, 160.0, 90.03, 0.35, -86.91
-705.3, -352.44, 160.0, 90.03, 0.35, -86.91
-704.97, -351.11, 170.0, 90.03, 0.35, -86.91
-706.29, -343.11, 170.0, 90.03, 0.35, -86.91
-706.62, -340.0, 160.0, 90.03, 0.35, -86.91
-706.62, -337.33, 160.0, 90.03, 0.35, -86.91
-707.62, -337.33, 160.0, 90.03, 0.35, -86.91
-708.61, -337.33, 160.0, 90.03, 0.35, -86.91
-709.6, -336.89, 160.0, 90.03, 0.35, -86.91
-710.6, -336.89, 160.0, 90.03, 0.35, -86.91
-711.59, -336.89, 160.0, 90.03, 0.35, -86.91
-712.58, -336.44, 160.0, 90.03, 0.35, -86.91
-713.58, -336.0, 160.0, 90.03, 0.35, -86.91
-714.57, -336.0, 160.0, 90.03, 0.35, -86.91
-715.56, -335.56, 160.0, 90.03, 0.35, -86.91
-716.56, -335.11, 160.0, 90.03, 0.35, -86.91
-717.55, -335.11, 160.0, 90.03, 0.35, -86.91
-718.54, -334.22, 160.0, 90.03, 0.35, -86.91
-716.56, -330.67, 160.0, 90.03, 0.35, -86.91
-715.56, -330.67, 160.0, 90.03, 0.35, -86.91
-714.57, -331.11, 160.0, 90.03, 0.35, -86.91
-713.58, -331.56, 160.0, 90.03, 0.35, -86.91
-712.58, -331.56, 160.0, 90.03, 0.35, -86.91
-711.59, -331.56, 160.0, 90.03, 0.35, -86.91
-710.6, -331.56, 160.0, 90.03, 0.35, -86.91
-709.6, -331.56, 160.0, 90.03, 0.35, -86.91
-708.61, -331.56, 160.0, 90.03, 0.35, -86.91
-707.62, -330.67, 160.0, 90.03, 0.35, -86.91
-706.62, -330.22, 160.0, 90.03, 0.35, -86.91
-705.96, -328.89, 160.0, 90.03, 0.35, -86.91
-705.96, -327.56, 160.0, 90.03, 0.35, -86.91
-706.95, -327.11, 160.0, 90.03, 0.35, -86.91
-707.95, -326.22, 160.0, 90.03, 0.35, -86.91
-708.94, -326.67, 160.0, 90.03, 0.35, -86.91
-709.93, -326.67, 160.0, 90.03, 0.35, -86.91
-709.93, -328.0, 160.0, 90.03, 0.35, -86.91
-709.27, -329.33, 160.0, 90.03, 0.35, -86.91
-708.28, -329.33, 160.0, 90.03, 0.35, -86.91
-710.26, -330.22, 160.0, 90.03, 0.35, -86.91
-710.93, -328.89, 160.0, 90.03, 0.35, -86.91
-711.26, -327.56, 160.0, 90.03, 0.35, -86.91
-712.25, -327.11, 160.0, 90.03, 0.35, -86.91
-713.25, -327.11, 160.0, 90.03, 0.35, -86.91
-713.25, -328.44, 160.0, 90.03, 0.35, -86.91
-714.24, -328.44, 160.0, 90.03, 0.35, -86.91
-714.24, -329.78, 160.0, 90.03, 0.35, -86.91
-713.25, -330.22, 160.0, 90.03, 0.35, -86.91
-712.25, -330.22, 160.0, 90.03, 0.35, -86.91
-715.23, -329.33, 160.0, 90.03, 0.35, -86.91
-716.23, -329.33, 160.0, 90.03, 0.35, -86.91
-717.22, -329.33, 160.0, 90.03, 0.35, -86.91
-717.22, -328.0, 160.0, 90.03, 0.35, -86.91
-718.21, -328.0, 160.0, 90.03, 0.35, -86.91
-718.21, -326.67, 160.0, 90.03, 0.35, -86.91
-717.22, -326.67, 160.0, 90.03, 0.35, -86.91
-716.23, -326.67, 160.0, 90.03, 0.35, -86.91
-715.23, -326.67, 160.0, 90.03, 0.35, -86.91
-714.24, -327.11, 170.0, 90.03, 0.35, -86.91
-704.97, -328.44, 170.0, 90.03, 0.35, -86.91
-703.31, -330.67, 160.0, 90.03, 0.35, -86.91
-702.98, -332.0, 160.0, 90.03, 0.35, -86.91
-701.99, -332.44, 160.0, 90.03, 0.35, -86.91
-700.99, -332.44, 160.0, 90.03, 0.35, -86.91
-700.0, -331.56, 160.0, 90.03, 0.35, -86.91
-699.01, -331.11, 160.0, 90.03, 0.35, -86.91
-699.01, -332.44, 160.0, 90.03, 0.35, -86.91
-699.67, -333.78, 160.0, 90.03, 0.35, -86.91
-700.0, -335.11, 160.0, 90.03, 0.35, -86.91
-700.66, -336.44, 160.0, 90.03, 0.35, -86.91
-703.31, -336.0, 160.0, 90.03, 0.35, -86.91
-704.3, -335.56, 160.0, 90.03, 0.35, -86.91
-704.3, -336.89, 160.0, 90.03, 0.35, -86.91
-705.3, -337.33, 160.0, 90.03, 0.35, -86.91
-703.97, -334.22, 160.0, 90.03, 0.35, -86.91
-703.97, -332.89, 170.0, 90.03, 0.35, -86.91
-699.01, -329.78, 170.0, 90.03, 0.35, -86.91
-699.01, -328.44, 160.0, 90.03, 0.35, -86.91
-698.68, -327.11, 160.0, 90.03, 0.35, -86.91
-698.68, -325.78, 160.0, 90.03, 0.35, -86.91
-698.68, -324.44, 160.0, 90.03, 0.35, -86.91
-698.34, -323.11, 160.0, 90.03, 0.35, -86.91
-698.68, -321.78, 160.0, 90.03, 0.35, -86.91
-698.68, -320.44, 160.0, 90.03, 0.35, -86.91
-698.68, -319.11, 160.0, 90.03, 0.35, -86.91
-698.68, -317.78, 160.0, 90.03, 0.35, -86.91
-697.68, -317.78, 160.0, 90.03, 0.35, -86.91
-697.35, -319.11, 160.0, 90.03, 0.35, -86.91
-697.35, -320.44, 160.0, 90.03, 0.35, -86.91
-697.35, -321.78, 160.0, 90.03, 0.35, -86.91
-697.02, -323.11, 160.0, 90.03, 0.35, -86.91
-697.02, -324.44, 160.0, 90.03, 0.35, -86.91
-696.69, -325.78, 160.0, 90.03, 0.35, -86.91
-696.69, -327.11, 160.0, 90.03, 0.35, -86.91
-696.36, -328.44, 160.0, 90.03, 0.35, -86.91
-696.36, -329.78, 160.0, 90.03, 0.35, -86.91
-696.36, -331.11, 160.0, 90.03, 0.35, -86.91
-696.03, -332.44, 160.0, 90.03, 0.35, -86.91
-695.7, -333.78, 160.0, 90.03, 0.35, -86.91
-695.36, -335.11, 160.0, 90.03, 0.35, -86.91
-694.7, -336.44, 160.0, 90.03, 0.35, -86.91
-694.37, -337.78, 160.0, 90.03, 0.35, -86.91
-694.04, -339.11, 160.0, 90.03, 0.35, -86.91
-693.38, -340.44, 160.0, 90.03, 0.35, -86.91
-693.38, -341.78, 160.0, 90.03, 0.35, -86.91
-693.38, -343.11, 160.0, 90.03, 0.35, -86.91
-693.05, -344.44, 160.0, 90.03, 0.35, -86.91
-693.05, -345.78, 160.0, 90.03, 0.35, -86.91
-692.72, -347.11, 160.0, 90.03, 0.35, -86.91
-692.38, -348.44, 160.0, 90.03, 0.35, -86.91
-692.05, -349.78, 160.0, 90.03, 0.35, -86.91
-691.72, -351.11, 160.0, 90.03, 0.35, -86.91
-691.72, -352.44, 160.0, 90.03, 0.35, -86.91
-691.72, -353.78, 160.0, 90.03, 0.35, -86.91
-691.39, -355.11, 160.0, 90.03, 0.35, -86.91
-691.06, -356.44, 160.0, 90.03, 0.35, -86.91
-691.06, -357.78, 160.0, 90.03, 0.35, -86.91
-691.06, -359.11, 160.0, 90.03, 0.35, -86.91
-691.06, -360.44, 160.0, 90.03, 0.35, -86.91
-691.06, -361.78, 160.0, 90.03, 0.35, -86.91
-690.07, -361.78, 160.0, 90.03, 0.35, -86.91
-690.07, -363.11, 160.0, 90.03, 0.35, -86.91
-690.07, -364.44, 160.0, 90.03, 0.35, -86.91
-690.07, -365.78, 160.0, 90.03, 0.35, -86.91
-690.07, -367.11, 160.0, 90.03, 0.35, -86.91
-690.4, -368.44, 160.0, 90.03, 0.35, -86.91
-690.73, -369.78, 160.0, 90.03, 0.35, -86.91
-691.39, -371.11, 160.0, 90.03, 0.35, -86.91
-691.72, -372.44, 160.0, 90.03, 0.35, -86.91
-692.38, -373.78, 160.0, 90.03, 0.35, -86.91
-693.05, -375.11, 160.0, 90.03, 0.35, -86.91
-693.71, -376.44, 160.0, 90.03, 0.35, -86.91
-694.37, -377.78, 160.0, 90.03, 0.35, -86.91
-695.03, -379.11, 160.0, 90.03, 0.35, -86.91
-695.7, -380.44, 160.0, 90.03, 0.35, -86.91
-696.69, -380.44, 160.0, 90.03, 0.35, -86.91
-696.36, -381.78, 160.0, 90.03, 0.35, -86.91
-697.35, -381.78, 160.0, 90.03, 0.35, -86.91
-697.35, -383.11, 160.0, 90.03, 0.35, -86.91
-698.01, -384.44, 160.0, 90.03, 0.35, -86.91
-697.68, -385.78, 160.0, 90.03, 0.35, -86.91
-699.01, -385.78, 160.0, 90.03, 0.35, -86.91
-698.68, -387.11, 160.0, 90.03, 0.35, -86.91
-699.67, -387.11, 160.0, 90.03, 0.35, -86.91
-700.33, -388.44, 160.0, 90.03, 0.35, -86.91
-700.99, -389.78, 160.0, 90.03, 0.35, -86.91
-701.99, -390.67, 160.0, 90.03, 0.35, -86.91
-702.98, -390.22, 160.0, 90.03, 0.35, -86.91
-702.98, -391.56, 160.0, 90.03, 0.35, -86.91
-703.97, -391.56, 160.0, 90.03, 0.35, -86.91
-703.97, -392.89, 160.0, 90.03, 0.35, -86.91
-704.97, -392.44, 160.0, 90.03, 0.35, -86.91
-704.97, -393.78, 160.0, 90.03, 0.35, -86.91
-705.96, -394.22, 160.0, 90.03, 0.35, -86.91
-705.96, -392.89, 160.0, 90.03, 0.35, -86.91
-706.95, -395.11, 160.0, 90.03, 0.35, -86.91
-707.95, -396.0, 160.0, 90.03, 0.35, -86.91
-708.94, -396.44, 160.0, 90.03, 0.35, -86.91
-709.93, -396.44, 160.0, 90.03, 0.35, -86.91
-710.93, -396.89, 160.0, 90.03, 0.35, -86.91
-711.92, -397.33, 160.0, 90.03, 0.35, -86.91
-712.91, -397.33, 160.0, 90.03, 0.35, -86.91
-713.91, -397.78, 160.0, 90.03, 0.35, -86.91
-714.9, -398.22, 160.0, 90.03, 0.35, -86.91
-715.89, -398.22, 160.0, 90.03, 0.35, -86.91
-716.89, -398.22, 160.0, 90.03, 0.35, -86.91
-717.88, -398.67, 160.0, 90.03, 0.35, -86.91
-718.87, -398.67, 160.0, 90.03, 0.35, -86.91
-719.87, -398.22, 160.0, 90.03, 0.35, -86.91
-719.54, -396.89, 160.0, 90.03, 0.35, -86.91
-718.54, -396.89, 160.0, 90.03, 0.35, -86.91
-720.53, -395.56, 160.0, 90.03, 0.35, -86.91
-721.52, -395.56, 160.0, 90.03, 0.35, -86.91
-721.85, -396.89, 160.0, 90.03, 0.35, -86.91
-720.86, -396.89, 160.0, 90.03, 0.35, -86.91
-722.85, -396.0, 160.0, 90.03, 0.35, -86.91
-722.85, -394.67, 160.0, 90.03, 0.35, -86.91
-723.84, -394.67, 160.0, 90.03, 0.35, -86.91
-724.17, -396.0, 160.0, 90.03, 0.35, -86.91
-725.17, -396.89, 160.0, 90.03, 0.35, -86.91
-726.16, -397.78, 160.0, 90.03, 0.35, -86.91
-727.15, -397.78, 160.0, 90.03, 0.35, -86.91
-728.15, -397.78, 160.0, 90.03, 0.35, -86.91
-729.14, -398.67, 160.0, 90.03, 0.35, -86.91
-730.13, -398.67, 160.0, 90.03, 0.35, -86.91
-731.13, -398.22, 160.0, 90.03, 0.35, -86.91
-732.12, -398.67, 160.0, 90.03, 0.35, -86.91
-733.11, -397.78, 160.0, 90.03, 0.35, -86.91
-734.11, -398.22, 160.0, 90.03, 0.35, -86.91
-735.1, -397.78, 160.0, 90.03, 0.35, -86.91
-736.09, -397.33, 160.0, 90.03, 0.35, -86.91
-737.09, -396.89, 160.0, 90.03, 0.35, -86.91
-738.08, -396.0, 160.0, 90.03, 0.35, -86.91
-739.07, -395.11, 160.0, 90.03, 0.35, -86.91
-740.07, -394.22, 160.0, 90.03, 0.35, -86.91
-741.06, -393.33, 160.0, 90.03, 0.35, -86.91
-742.05, -392.44, 160.0, 90.03, 0.35, -86.91
-743.05, -391.56, 160.0, 90.03, 0.35, -86.91
-744.04, -390.67, 160.0, 90.03, 0.35, -86.91
-744.7, -389.33, 160.0, 90.03, 0.35, -86.91
-745.7, -388.89, 160.0, 90.03, 0.35, -86.91
-746.69, -388.0, 160.0, 90.03, 0.35, -86.91
-747.68, -387.11, 170.0, 90.03, 0.35, -86.91
-755.63, -340.89, 170.0, 90.03, 0.35, -86.91
-755.63, -339.56, 160.0, 90.03, 0.35, -86.91
-756.29, -338.22, 160.0, 90.03, 0.35, -86.91
-756.29, -336.89, 160.0, 90.03, 0.35, -86.91
-756.62, -335.56, 160.0, 90.03, 0.35, -86.91
-756.62, -334.22, 160.0, 90.03, 0.35, -86.91
-756.62, -332.89, 160.0, 90.03, 0.35, -86.91
-756.62, -331.56, 160.0, 90.03, 0.35, -86.91
-756.95, -330.22, 160.0, 90.03, 0.35, -86.91
-756.95, -328.89, 160.0, 90.03, 0.35, -86.91
-756.95, -327.56, 160.0, 90.03, 0.35, -86.91
-756.95, -326.22, 160.0, 90.03, 0.35, -86.91
-756.95, -324.89, 160.0, 90.03, 0.35, -86.91
-756.62, -323.56, 160.0, 90.03, 0.35, -86.91
-756.29, -322.22, 160.0, 90.03, 0.35, -86.91
-755.96, -320.89, 160.0, 90.03, 0.35, -86.91
-755.63, -319.56, 160.0, 90.03, 0.35, -86.91
-755.3, -318.22, 160.0, 90.03, 0.35, -86.91
-754.64, -316.89, 160.0, 90.03, 0.35, -86.91
-754.3, -315.56, 160.0, 90.03, 0.35, -86.91
-753.97, -314.22, 160.0, 90.03, 0.35, -86.91
-753.31, -312.89, 170.0, 90.03, 0.35, -86.91
-723.51, -306.22, 170.0, 90.03, 0.35, -86.91
-722.52, -306.67, 160.0, 90.03, 0.35, -86.91
-721.52, -306.22, 160.0, 90.03, 0.35, -86.91
-721.52, -307.56, 160.0, 90.03, 0.35, -86.91
-720.53, -307.56, 170.0, 90.03, 0.35, -86.91
-699.01, -314.22, 170.0, 90.03, 0.35, -86.91
-698.68, -315.56, 160.0, 90.03, 0.35, -86.91
-694.7, -313.33, 160.0, 90.03, 0.35, -86.91
-694.04, -314.67, 160.0, 90.03, 0.35, -86.91
-693.71, -316.0, 160.0, 90.03, 0.35, -86.91
-693.38, -317.33, 160.0, 90.03, 0.35, -86.91
-693.05, -318.67, 160.0, 90.03, 0.35, -86.91
-692.72, -320.0, 160.0, 90.03, 0.35, -86.91
-692.38, -321.33, 160.0, 90.03, 0.35, -86.91
-692.05, -322.67, 160.0, 90.03, 0.35, -86.91
-691.72, -324.0, 160.0, 90.03, 0.35, -86.91
-691.72, -325.33, 160.0, 90.03, 0.35, -86.91
-691.39, -326.67, 160.0, 90.03, 0.35, -86.91
-691.72, -328.0, 160.0, 90.03, 0.35, -86.91
-691.72, -329.33, 160.0, 90.03, 0.35, -86.91
-692.05, -330.67, 160.0, 90.03, 0.35, -86.91
-692.05, -332.0, 160.0, 90.03, 0.35, -86.91
-692.05, -333.33, 160.0, 90.03, 0.35, -86.91
-692.05, -334.67, 160.0, 90.03, 0.35, -86.91
-692.38, -336.0, 160.0, 90.03, 0.35, -86.91
-692.38, -337.33, 160.0, 90.03, 0.35, -86.91
-692.38, -338.67, 160.0, 90.03, 0.35, -86.91
-692.38, -340.0, 170.0, 90.03, 0.35, -86.91
-690.07, -358.22, 170.0, 90.03, 0.35, -86.91
-690.07, -359.56, 160.0, 90.03, 0.35, -86.91
-691.39, -363.11, 170.0, 90.03, 0.35, -86.91
-682.45, -268.44, 170.0, 90.03, 0.35, -86.91
-682.45, -267.11, 170.0, 90.03, 0.35, -86.91